100 0.000275
110 0.00026
120 0.000285
130 0.00028
140 0.00031
150 0.00031
160 0.000335
170 0.000315
180 0.000365
190 0.00034
200 0.000355
210 0.00038
220 0.000375
230 0.000415
240 0.000375
250 0.00042
260 0.000415
270 0.00042
280 0.00042
290 0.00046
300 0.00048
310 0.000495
320 0.000455
330 0.000485
340 0.000505
350 0.0005
360 0.000475
370 0.00071
380 0.00061
390 0.00055
400 0.000565
410 0.00054
420 0.00054
430 0.00055
440 0.000565
450 0.000605
460 0.00061
470 0.000615
480 0.00063
490 0.000635
500 0.00064
