100 0.00126
110 0.00118
120 0.00127
130 0.001405
140 0.00149
150 0.00185
160 0.001695
170 0.00178
180 0.00195
190 0.00202
200 0.00208
210 0.00224
220 0.002335
230 0.002385
240 0.002725
250 0.002645
260 0.002735
270 0.002845
280 0.002955
290 0.003005
300 0.003365
310 0.003245
320 0.003565
330 0.00354
340 0.00359
350 0.00406
360 0.00419
370 0.00411
380 0.00425
390 0.004205
400 0.004605
410 0.004605
420 0.004695
430 0.005065
440 0.004755
450 0.00508
460 0.004965
470 0.005095
480 0.00542
490 0.005325
500 0.00538
