100 4.5e-005
110 4.5e-005
120 4.5e-005
130 6e-005
140 6.5e-005
150 6e-005
160 6.5e-005
170 6.5e-005
180 6e-005
190 7e-005
200 7.5e-005
210 7e-005
220 7.5e-005
230 0.00012
240 8.5e-005
250 9e-005
260 9e-005
270 9e-005
280 0.0001
290 0.000105
300 0.00012
310 0.0001
320 0.000115
330 0.00012
340 0.00012
350 0.00013
360 0.00012
370 0.000135
380 0.00013
390 0.00014
400 0.00014
410 0.00014
420 0.000135
430 0.00014
440 0.00015
450 0.00014
460 0.00016
470 0.00017
480 0.000155
490 0.00016
500 0.00016
